371, 521, 472, 440, 163, 501, 185, 390, 53, 489, 174, 153, 319, 350, 410, 361, 103, 286, 194, 291, 184, 166, 502
175, 137, 388, 75, 116, 294, 10, 347, 258, 487, 232, 61, 488, 102, 30, 456, 240, 64, 471, 366, 59, 437, 428
182, 28, 306, 74, 253, 287, 167, 349, 305, 432, 69, 441, 381, 510, 170, 345, 207, 520, 285, 209, 29, 119, 312
322, 80, 196, 158, 295, 176, 275, 95, 234, 479, 121, 373, 8, 402, 19, 17, 282, 261, 367, 65, 298, 66, 204
122, 233, 377, 202, 464, 467, 482, 151, 244, 217, 214, 227, 266, 125, 213, 288, 507, 271, 363, 351, 268, 241, 87
457, 389, 334, 117, 451, 442, 108, 26, 365, 229, 491, 348, 206, 356, 406, 23, 384, 425, 76, 260, 352, 493, 470
27, 519, 331, 517, 341, 235, 72, 224, 412, 296, 494, 330, 86, 299, 498, 508, 399, 283, 1, 252, 142, 38, 354
292, 57, 246, 297, 383, 238, 140, 342, 195, 205, 58, 516, 293, 115, 452, 78, 54, 407, 109, 242, 165, 496, 405
281, 12, 34, 401, 323, 71, 359, 270, 126, 85, 60, 45, 522, 267, 324, 113, 355, 33, 357, 247, 483, 338, 449
346, 263, 120, 316, 101, 236, 370, 130, 362, 514, 146, 123, 459, 382, 328, 513, 191, 200, 278, 378, 333, 139, 168
159, 358, 427, 92, 150, 44, 93, 181, 51, 208, 169, 210, 386, 172, 310, 434, 6, 111, 468, 147, 443, 265, 97
262, 42, 105, 250, 171, 445, 311, 81, 179, 114, 528, 162, 68, 385, 300, 118, 5, 197, 190, 438, 492, 314, 180
218, 391, 454, 372, 327, 450, 289, 460, 131, 237, 397, 79, 164, 515, 46, 476, 408, 417, 398, 47, 317, 14, 110
230, 290, 225, 212, 414, 313, 500, 62, 392, 32, 198, 302, 249, 239, 84, 48, 82, 469, 480, 274, 127, 99, 448
35, 276, 503, 221, 4, 444, 418, 223, 77, 400, 318, 0, 173, 387, 145, 132, 465, 272, 439, 138, 329, 100, 43
155, 50, 21, 277, 495, 403, 107, 473, 490, 339, 161, 98, 374, 187, 199, 91, 16, 284, 2, 40, 255, 31, 376
22, 344, 369, 421, 525, 90, 304, 104, 24, 148, 485, 394, 455, 219, 63, 375, 518, 220, 3, 395, 135, 188, 70
463, 183, 411, 458, 56, 461, 152, 486, 189, 251, 215, 466, 67, 527, 505, 20, 222, 143, 478, 88, 396, 96, 201
380, 136, 336, 315, 134, 416, 245, 144, 511, 484, 435, 18, 404, 474, 37, 203, 254, 280, 243, 11, 160, 343, 523
360, 128, 497, 259, 94, 83, 504, 419, 332, 129, 462, 337, 340, 231, 512, 264, 73, 326, 55, 112, 303, 89, 436
15, 415, 39, 309, 447, 256, 49, 177, 9, 154, 453, 422, 124, 257, 430, 320, 364, 321, 433, 106, 308, 420, 409
506, 193, 353, 279, 393, 429, 216, 301, 52, 379, 307, 186, 228, 481, 157, 273, 211, 41, 141, 7, 526, 178, 424
499, 413, 446, 431, 368, 248, 13, 325, 25, 149, 192, 226, 477, 335, 475, 156, 36, 509, 423, 426, 133, 524, 269
